1.590999999999999914e-01
3.181999999999999829e-01
4.772999999999999465e-01
6.363999999999999657e-01
7.954999999999999849e-01
9.545999999999998931e-01
1.113699999999999912e+00
1.272799999999999931e+00
1.431899999999999951e+00
1.590999999999999970e+00
1.750099999999999989e+00
1.909199999999999786e+00
2.068299999999999805e+00
2.227399999999999824e+00
2.386499999999999844e+00
2.545599999999999863e+00
2.704699999999999882e+00
2.863799999999999901e+00
3.022899999999999920e+00
3.181999999999999940e+00
3.341099999999999959e+00
3.500199999999999978e+00
3.659299999999999997e+00
3.818399999999999572e+00
3.977499999999999591e+00
4.136599999999999611e+00
4.295700000000000074e+00
4.454799999999999649e+00
4.613900000000000112e+00
4.772999999999999687e+00
4.932100000000000151e+00
5.091199999999999726e+00
5.250299999999999301e+00
5.409399999999999764e+00
5.568499999999999339e+00
5.727599999999999802e+00
5.886699999999999378e+00
6.045799999999999841e+00
6.204899999999999416e+00
6.363999999999999879e+00
6.523099999999999454e+00
6.682199999999999918e+00
6.841299999999999493e+00
7.000399999999999956e+00
7.159499999999999531e+00
7.318599999999999994e+00
7.477699999999999569e+00
7.636799999999999145e+00
7.795899999999999608e+00
7.954999999999999183e+00
8.114099999999998758e+00
8.273199999999999221e+00
8.432299999999999685e+00
8.591400000000000148e+00
8.750499999999998835e+00
8.909599999999999298e+00
9.068699999999999761e+00
9.227800000000000225e+00
9.386899999999998911e+00
9.545999999999999375e+00
9.705099999999999838e+00
9.864200000000000301e+00
1.002329999999999899e+01
1.018239999999999945e+01
1.034149999999999991e+01
1.050059999999999860e+01
1.065969999999999906e+01
1.081879999999999953e+01
1.097789999999999999e+01
1.113699999999999868e+01
1.129609999999999914e+01
1.145519999999999960e+01
1.161430000000000007e+01
1.177339999999999876e+01
1.193249999999999922e+01
1.209159999999999968e+01
1.225070000000000014e+01
1.240979999999999883e+01
1.256889999999999930e+01
1.272799999999999976e+01
1.288709999999999845e+01
1.304619999999999891e+01
1.320529999999999937e+01
1.336439999999999984e+01
1.352349999999999852e+01
1.368259999999999899e+01
1.384169999999999945e+01
1.400079999999999991e+01
1.415989999999999860e+01
1.431899999999999906e+01
1.447809999999999953e+01
1.463719999999999999e+01
1.479629999999999868e+01
1.495539999999999914e+01
1.511449999999999960e+01
1.527359999999999829e+01
1.543269999999999875e+01
1.559179999999999922e+01
1.575089999999999968e+01