2.281930000000000069e-02
3.625409999999999744e-02
4.099579999999999891e-02
4.227999999999999814e-02
4.376170000000000060e-02
5.413409999999999750e-02
4.830580000000000290e-02
4.277389999999999665e-02
4.247750000000000137e-02
4.899730000000000057e-02
4.218120000000000203e-02
3.902010000000000201e-02
4.316899999999999904e-02
3.902010000000000201e-02
3.131479999999999680e-02
3.062329999999999913e-02
2.963549999999999865e-02
2.647439999999999863e-02
2.519019999999999940e-02
2.222659999999999914e-02
2.519019999999999940e-02
1.728740000000000138e-02
1.965820000000000067e-02
1.649710000000000065e-02
1.550920000000000076e-02
1.462019999999999986e-02
1.333600000000000063e-02
1.175539999999999918e-02
8.791860000000000300e-03
9.187000000000000721e-03
1.017479999999999947e-02
7.606439999999999903e-03
7.211300000000000349e-03
5.531959999999999829e-03
8.495509999999999520e-03
4.840460000000000422e-03
4.840460000000000422e-03
4.445320000000000001e-03
5.038029999999999765e-03
4.544109999999999643e-03
2.370839999999999927e-03
3.753830000000000101e-03
2.667189999999999839e-03
2.074480000000000074e-03
1.975699999999999939e-03
1.778129999999999945e-03
1.975699999999999939e-03
2.173270000000000150e-03
1.086630000000000104e-03
2.074480000000000074e-03
1.580559999999999951e-03
9.878490000000000621e-04
8.890649999999999725e-04
7.902799999999999755e-04
6.914949999999999786e-04
8.890649999999999725e-04
1.975699999999999939e-04
7.902799999999999755e-04
1.975699999999999939e-04
6.914949999999999786e-04
8.890649999999999725e-04
1.975699999999999939e-04
4.939249999999999847e-04
1.975699999999999939e-04
9.878490000000000350e-05
3.951399999999999878e-04
9.878490000000000350e-05
9.878490000000000350e-05
9.878490000000000350e-05
9.878490000000000350e-05
2.963549999999999908e-04
1.975699999999999939e-04
1.975699999999999939e-04
9.878490000000000350e-05
9.878490000000000350e-05
0.000000000000000000e+00
0.000000000000000000e+00
0.000000000000000000e+00
9.878490000000000350e-05
0.000000000000000000e+00
9.878490000000000350e-05
0.000000000000000000e+00
0.000000000000000000e+00
0.000000000000000000e+00
0.000000000000000000e+00
9.878490000000000350e-05
0.000000000000000000e+00
9.878490000000000350e-05
9.878490000000000350e-05
0.000000000000000000e+00
0.000000000000000000e+00
0.000000000000000000e+00
0.000000000000000000e+00
0.000000000000000000e+00
0.000000000000000000e+00
0.000000000000000000e+00
0.000000000000000000e+00
0.000000000000000000e+00
9.878490000000000350e-05