1.129646e-02 
2.420778e-02 
3.636095e-02 
4.637613e-02 
5.429881e-02 
5.953196e-02 
6.342696e-02 
6.584546e-02 
6.614872e-02 
6.474235e-02 
6.237692e-02 
5.899177e-02 
5.501527e-02 
5.035643e-02 
4.451487e-02 
4.057248e-02 
3.509484e-02 
3.040377e-02 
2.576389e-02 
2.127752e-02 
1.801747e-02 
1.478775e-02 
1.174377e-02 
9.679700e-03 
7.547399e-03 
5.813127e-03 
4.323359e-03 
3.203190e-03 
2.310467e-03 
1.762702e-03 
1.311602e-03 
8.927235e-04 
6.235797e-04 
4.454140e-04 
3.241098e-04 
2.160732e-04 
1.307811e-04 
9.287356e-05 
4.548909e-05 
4.359371e-05 
2.463993e-05 
1.705841e-05 
1.137227e-05 
5.686137e-06 
7.581516e-06 
3.790758e-06 
1.895379e-06 
3.790758e-06 
1.895379e-06 
3.790758e-06 
0.000000e+00 
0.000000e+00 
0.000000e+00 
0.000000e+00 
0.000000e+00 
0.000000e+00 
0.000000e+00 
0.000000e+00 
0.000000e+00 
0.000000e+00 
0.000000e+00 
0.000000e+00 
0.000000e+00 
0.000000e+00 
0.000000e+00 
0.000000e+00 
0.000000e+00 
0.000000e+00 
0.000000e+00 
0.000000e+00 
0.000000e+00 
0.000000e+00 
0.000000e+00 
0.000000e+00 
0.000000e+00 
0.000000e+00 
0.000000e+00 
0.000000e+00 
0.000000e+00 
0.000000e+00 
0.000000e+00 
0.000000e+00 
0.000000e+00 
0.000000e+00 
0.000000e+00 
0.000000e+00 
0.000000e+00 
0.000000e+00 
0.000000e+00 
0.000000e+00 
0.000000e+00 
0.000000e+00 
0.000000e+00 
0.000000e+00 
0.000000e+00 
0.000000e+00 
0.000000e+00 
0.000000e+00 
0.000000e+00 