4.702350000000000280e-02
5.472040000000000237e-02
5.484060000000000323e-02
6.061330000000000190e-02
5.953100000000000058e-02
5.772700000000000053e-02
5.363799999999999818e-02
5.640409999999999868e-02
4.846659999999999857e-02
5.051110000000000322e-02
4.642210000000000086e-02
4.161150000000000265e-02
4.161150000000000265e-02
3.656039999999999984e-02
2.934459999999999846e-02
3.259170000000000122e-02
2.501499999999999904e-02
2.501499999999999904e-02
2.152739999999999862e-02
1.635599999999999901e-02
1.563439999999999969e-02
1.443170000000000043e-02
1.094410000000000001e-02
1.166569999999999933e-02
1.070349999999999947e-02
8.659049999999999733e-03
6.734819999999999869e-03
6.013229999999999617e-03
6.013229999999999617e-03
4.690320000000000426e-03
5.051110000000000148e-03
3.728200000000000090e-03
4.329519999999999896e-03
3.848470000000000103e-03
3.607940000000000019e-03
2.525560000000000044e-03
2.525560000000000044e-03
1.683699999999999997e-03
2.044499999999999876e-03
2.405290000000000032e-03
1.924230000000000081e-03
8.418520000000000300e-04
1.082379999999999974e-03
9.621169999999999636e-04
1.322910000000000058e-03
9.621169999999999636e-04
7.215869999999999880e-04
7.215869999999999880e-04
4.810579999999999739e-04
7.215869999999999880e-04
1.202650000000000013e-04
3.607940000000000019e-04
2.405289999999999870e-04
6.013229999999999617e-04
0.000000000000000000e+00
0.000000000000000000e+00
1.202650000000000013e-04
3.607940000000000019e-04
6.013229999999999617e-04
1.202650000000000013e-04
1.202650000000000013e-04
2.405289999999999870e-04
1.202650000000000013e-04
0.000000000000000000e+00
0.000000000000000000e+00
2.405289999999999870e-04
0.000000000000000000e+00
0.000000000000000000e+00
0.000000000000000000e+00
0.000000000000000000e+00
2.405289999999999870e-04
0.000000000000000000e+00
0.000000000000000000e+00
0.000000000000000000e+00
0.000000000000000000e+00
0.000000000000000000e+00
0.000000000000000000e+00
0.000000000000000000e+00
0.000000000000000000e+00
0.000000000000000000e+00
0.000000000000000000e+00
0.000000000000000000e+00
0.000000000000000000e+00
0.000000000000000000e+00
0.000000000000000000e+00
0.000000000000000000e+00
0.000000000000000000e+00
0.000000000000000000e+00
0.000000000000000000e+00
0.000000000000000000e+00
0.000000000000000000e+00
0.000000000000000000e+00
0.000000000000000000e+00
0.000000000000000000e+00
0.000000000000000000e+00
0.000000000000000000e+00
0.000000000000000000e+00
0.000000000000000000e+00
0.000000000000000000e+00