1.748200000000000000e+05
4.037700000000000000e+05
6.468400000000000000e+05
7.758100000000000000e+05
8.888300000000000000e+05
9.922300000000000000e+05
1.072400000000000000e+06
1.154400000000000000e+06
1.224300000000000000e+06
1.291500000000000000e+06
1.352100000000000000e+06
1.403400000000000000e+06
1.450300000000000000e+06
1.498100000000000000e+06
1.536000000000000000e+06
1.567500000000000000e+06
1.596000000000000000e+06
1.621500000000000000e+06
1.647000000000000000e+06
1.657800000000000000e+06
1.664100000000000000e+06
1.678500000000000000e+06
1.675700000000000000e+06
1.672900000000000000e+06
1.675000000000000000e+06
1.658900000000000000e+06
1.641400000000000000e+06
1.627300000000000000e+06
1.605800000000000000e+06
1.582100000000000000e+06
1.557300000000000000e+06
1.523200000000000000e+06
1.498300000000000000e+06
1.459700000000000000e+06
1.423100000000000000e+06
1.385200000000000000e+06
1.342100000000000000e+06
1.310300000000000000e+06
1.264900000000000000e+06
1.215500000000000000e+06
1.168100000000000000e+06
1.123800000000000000e+06
1.080600000000000000e+06
1.028000000000000000e+06
9.835800000000000000e+05
9.377200000000000000e+05
8.907700000000000000e+05
8.469500000000000000e+05
8.053200000000000000e+05
7.573100000000000000e+05
7.161800000000000000e+05
6.734700000000000000e+05
6.373200000000000000e+05
5.948700000000000000e+05
5.568200000000000000e+05
5.240900000000000000e+05
4.889600000000000000e+05
4.512400000000000000e+05
4.242800000000000000e+05
3.906300000000000000e+05
3.630200000000000000e+05
3.356500000000000000e+05
3.083500000000000000e+05
2.848500000000000000e+05
2.611400000000000000e+05
2.400700000000000000e+05
2.206600000000000000e+05
2.017100000000000000e+05
1.835000000000000000e+05
1.647900000000000000e+05
1.500000000000000000e+05
1.382400000000000000e+05
1.239000000000000000e+05
1.116200000000000000e+05
1.015700000000000000e+05
9.151900000000000000e+04
8.165600000000000000e+04
7.301300000000000000e+04
6.512800000000000000e+04
5.841000000000000000e+04
5.208400000000000000e+04
4.598300000000000000e+04
4.024000000000000000e+04
3.662400000000000000e+04
3.147400000000000000e+04
2.796600000000000000e+04
2.528300000000000000e+04
2.125000000000000000e+04
1.885900000000000000e+04
1.660900000000000000e+04
1.473300000000000000e+04
1.257500000000000000e+04
1.071700000000000000e+04
1.005000000000000000e+04
8.225000000000000000e+03
6.975000000000000000e+03
5.608300000000000182e+03
5.425000000000000000e+03
4.933399999999999636e+03
3.858300000000000182e+03
