6.503359999999999697e-02
7.607379999999999698e-02
7.055369999999999697e-02
6.089359999999999912e-02
6.123859999999999720e-02
6.141110000000000319e-02
4.985339999999999910e-02
5.364839999999999887e-02
4.088320000000000148e-02
4.347079999999999694e-02
3.984820000000000029e-02
3.674310000000000076e-02
3.277560000000000195e-02
2.915299999999999836e-02
2.553040000000000170e-02
2.328790000000000027e-02
2.139040000000000039e-02
1.638780000000000098e-02
1.759530000000000122e-02
1.604279999999999942e-02
1.431780000000000032e-02
1.276520000000000085e-02
1.121270000000000079e-02
9.487670000000000131e-03
9.315159999999999413e-03
8.280140000000000070e-03
7.417629999999999710e-03
5.175090000000000245e-03
5.865099999999999827e-03
8.797650000000000609e-03
5.347590000000000156e-03
6.900120000000000038e-03
4.140070000000000035e-03
4.140070000000000035e-03
3.277560000000000109e-03
2.242539999999999898e-03
2.242539999999999898e-03
2.587550000000000093e-03
4.140070000000000035e-03
2.070039999999999988e-03
2.415039999999999808e-03
2.070039999999999988e-03
8.625150000000000048e-04
2.932549999999999914e-03
1.725030000000000010e-03
2.070039999999999988e-03
1.380020000000000031e-03
8.625150000000000048e-04
6.900120000000000472e-04
6.900120000000000472e-04
1.207519999999999904e-03
6.900120000000000472e-04
1.035019999999999994e-03
6.900120000000000472e-04
3.450060000000000236e-04
6.900120000000000472e-04
0.000000000000000000e+00
8.625150000000000048e-04
6.900120000000000472e-04
3.450060000000000236e-04
1.725030000000000118e-04
5.175089999999999812e-04
5.175089999999999812e-04
6.900120000000000472e-04
1.725030000000000118e-04
1.725030000000000118e-04
0.000000000000000000e+00
5.175089999999999812e-04
6.900120000000000472e-04
1.725030000000000118e-04
1.725030000000000118e-04
5.175089999999999812e-04
0.000000000000000000e+00
0.000000000000000000e+00
1.725030000000000118e-04
0.000000000000000000e+00
0.000000000000000000e+00
1.725030000000000118e-04
0.000000000000000000e+00
3.450060000000000236e-04
0.000000000000000000e+00
1.725030000000000118e-04
1.725030000000000118e-04
1.725030000000000118e-04
0.000000000000000000e+00
1.725030000000000118e-04
1.725030000000000118e-04
1.725030000000000118e-04
0.000000000000000000e+00
0.000000000000000000e+00
1.725030000000000118e-04
0.000000000000000000e+00
0.000000000000000000e+00
0.000000000000000000e+00
0.000000000000000000e+00
0.000000000000000000e+00
0.000000000000000000e+00
0.000000000000000000e+00
0.000000000000000000e+00