2.005728932632543440e-02
4.632497260777040243e-02
7.421265889395003978e-02
8.900952769852726876e-02
1.019764356018638407e-01
1.138396304099066891e-01
1.230376219743244404e-01
1.324455714352481550e-01
1.404652746952307074e-01
1.481752040095486722e-01
1.551279081233532808e-01
1.610136130909799734e-01
1.663945012582643823e-01
1.718786474074369963e-01
1.762269557558395483e-01
1.798409851219260891e-01
1.831108212150520387e-01
1.860364640352173415e-01
1.889621068553826444e-01
1.902012026380408838e-01
1.909240085112582086e-01
1.925761362214691852e-01
1.922548891667059390e-01
1.919336421119426928e-01
1.921745774030151344e-01
1.903274068381264617e-01
1.883196127458561520e-01
1.867019043629412067e-01
1.842351859067234143e-01
1.815160590503344662e-01
1.786707279938599680e-01
1.747583977912075537e-01
1.719015936256343691e-01
1.674729735135410125e-01
1.632738155834213833e-01
1.589255072350188314e-01
1.539805972134845324e-01
1.503321485201019325e-01
1.451233569892978192e-01
1.394556410945461955e-01
1.340173873817683547e-01
1.289348000510497916e-01
1.239784169204168063e-01
1.179435615345071908e-01
1.128472064728702207e-01
1.075856386402121445e-01
1.021990139183783786e-01
9.717149751133352664e-02
9.239524219354994239e-02
8.688700251527008145e-02
8.216811274297992906e-02
7.726794784693050144e-02
7.312041890775498876e-02
6.825008409536215126e-02
6.388456608331156972e-02
6.012941747531116293e-02
5.609891424894225542e-02
5.177125749691734169e-02
4.867810728391119834e-02
4.481740607220286582e-02
4.164968065005525411e-02
3.850949068974449802e-02
3.537733190580281267e-02
3.268115126761125810e-02
2.996087710031246007e-02
2.754349301321901144e-02
2.531656253716377258e-02
2.314240836296249659e-02
2.105315519609150809e-02
1.890653648372708426e-02
1.720966364803120513e-02
1.586042601802556060e-02
1.421518217327377535e-02
1.280628437595495404e-02
1.165323691153686420e-02
1.050007471602778554e-02
9.368481965624241709e-03
8.376861146224682739e-03
7.472206493793175953e-03
6.701443024543351362e-03
5.975654142960381762e-03
5.275679756849459973e-03
4.616779101311837934e-03
4.201911476303298899e-03
3.611046357720894273e-03
3.208569690538938188e-03
2.900746173421153359e-03
2.438035683471087307e-03
2.163713644921470228e-03
1.905568690201001883e-03
1.690333163509624920e-03
1.442743469159949408e-03
1.229573102106336271e-03
1.153047464418090716e-03
9.436632233670444458e-04
8.002493596334511131e-04
6.434463775816894309e-04
6.224161686037952982e-04
5.660143642746476560e-04
4.426669683546587001e-04
