8.913930000000000464e-02
6.625680000000000458e-02
7.274590000000000223e-02
8.828550000000000286e-02
7.240439999999999376e-02
5.942619999999999847e-02
6.967210000000000070e-02
5.908469999999999694e-02
4.081280000000000324e-02
4.883880000000000166e-02
4.935110000000000191e-02
3.927599999999999841e-02
2.971309999999999923e-02
3.295769999999999950e-02
2.476089999999999888e-02
1.383200000000000054e-02
1.861339999999999870e-02
1.946720000000000048e-02
1.144129999999999973e-02
1.349039999999999961e-02
1.417350000000000033e-02
8.367489999999999997e-03
7.855189999999999742e-03
9.221309999999999923e-03
5.976780000000000113e-03
3.927599999999999841e-03
3.756830000000000065e-03
4.269130000000000320e-03
2.903010000000000139e-03
4.269130000000000320e-03
2.049179999999999838e-03
2.219950000000000048e-03
1.366119999999999965e-03
1.536889999999999958e-03
1.707650000000000010e-03
8.538250000000000050e-04
1.195359999999999912e-03
1.707649999999999956e-04
3.415299999999999911e-04
8.538250000000000050e-04
1.024589999999999919e-03
1.707649999999999956e-04
3.415299999999999911e-04
5.122949999999999596e-04
0.000000000000000000e+00
0.000000000000000000e+00
0.000000000000000000e+00
0.000000000000000000e+00
3.415299999999999911e-04
0.000000000000000000e+00
5.122949999999999596e-04
0.000000000000000000e+00
1.707649999999999956e-04
0.000000000000000000e+00
0.000000000000000000e+00
0.000000000000000000e+00
0.000000000000000000e+00
1.707649999999999956e-04
0.000000000000000000e+00
0.000000000000000000e+00
0.000000000000000000e+00
0.000000000000000000e+00
0.000000000000000000e+00
0.000000000000000000e+00
0.000000000000000000e+00
0.000000000000000000e+00
0.000000000000000000e+00
1.707649999999999956e-04
0.000000000000000000e+00
0.000000000000000000e+00
0.000000000000000000e+00
0.000000000000000000e+00
0.000000000000000000e+00
0.000000000000000000e+00
0.000000000000000000e+00
0.000000000000000000e+00
0.000000000000000000e+00
0.000000000000000000e+00
0.000000000000000000e+00
0.000000000000000000e+00
0.000000000000000000e+00
0.000000000000000000e+00
0.000000000000000000e+00
0.000000000000000000e+00
0.000000000000000000e+00
0.000000000000000000e+00
0.000000000000000000e+00
0.000000000000000000e+00
0.000000000000000000e+00
0.000000000000000000e+00
0.000000000000000000e+00
0.000000000000000000e+00
0.000000000000000000e+00
0.000000000000000000e+00
0.000000000000000000e+00
0.000000000000000000e+00
0.000000000000000000e+00
0.000000000000000000e+00
0.000000000000000000e+00