1.209999999999999964e-01
2.410000000000000198e-01
3.609999999999999876e-01
4.809999999999999831e-01
6.009999999999999787e-01
7.209999999999999742e-01
8.409999999999999698e-01
9.609999999999999654e-01
1.080999999999999961e+00
1.201000000000000068e+00
1.321000000000000174e+00
1.441000000000000059e+00
1.560999999999999943e+00
1.680999999999999828e+00
1.801000000000000156e+00
1.921000000000000041e+00
2.040999999999999925e+00
2.161000000000000032e+00
2.280999999999999694e+00
2.401000000000000245e+00
2.520999999999999908e+00
2.641000000000000014e+00
2.761000000000000121e+00
2.880999999999999783e+00
3.001000000000000334e+00
3.120999999999999996e+00
3.240999999999999659e+00
3.360999999999999766e+00
3.481000000000000316e+00
3.600999999999999979e+00
3.721000000000000085e+00
3.840999999999999748e+00
3.960999999999999854e+00
4.081000000000000405e+00
4.200999999999999623e+00
4.320999999999999730e+00
4.440999999999999837e+00
4.560999999999999943e+00
4.681000000000000050e+00
4.801000000000000156e+00
4.921000000000000263e+00
5.040999999999999481e+00
5.160999999999999588e+00
5.281000000000000583e+00
5.400999999999999801e+00
5.520999999999999908e+00
5.641000000000000014e+00
5.761000000000000121e+00
5.881000000000000227e+00
6.000999999999999446e+00
6.121000000000000441e+00
6.240999999999999659e+00
6.360999999999999766e+00
6.480999999999999872e+00
6.601000000000000867e+00
6.720999999999999197e+00
6.840999999999999304e+00
6.961000000000000298e+00
7.081000000000000405e+00
7.201000000000000512e+00
7.320999999999999730e+00
7.440999999999999837e+00
7.560999999999999943e+00
7.681000000000000050e+00
7.801000000000000156e+00
7.920999999999999375e+00
8.041000000000000369e+00
8.160999999999999588e+00
8.281000000000000583e+00
8.400999999999999801e+00
8.520999999999999019e+00
8.641000000000000014e+00
8.760999999999999233e+00
8.881000000000000227e+00
9.001000000000001222e+00
9.120999999999998664e+00
9.240999999999999659e+00
9.361000000000000654e+00
9.480999999999999872e+00
9.601000000000000867e+00
9.721000000000000085e+00
9.840999999999999304e+00
9.961000000000000298e+00
1.008099999999999952e+01
1.020100000000000051e+01
1.032099999999999973e+01
1.044099999999999895e+01
1.056099999999999994e+01
1.068100000000000094e+01
1.080100000000000016e+01
1.092099999999999937e+01
1.104100000000000037e+01
1.116099999999999959e+01
1.128100000000000058e+01
1.140099999999999980e+01
1.152099999999999902e+01
1.164100000000000001e+01
1.176099999999999923e+01
1.188100000000000023e+01
1.200100000000000122e+01
